[SETTINGS]
WIDTH=1.08312022686005
LENGTH=2.96870446205139

