[HEADER]
EDIT_MODE=0
INTENSITY=60.0
EDIT_BIG=1
EDIT_STATE=1
BURN_FUEL_MULT=10
FLASH_THRESHOLD=7

[FLAME_0]
POSITION=0.3647287,0.2009916,-1.986517
DIRECTION=0,0,-1
VSIZE_START=0.15
VSIZE_END=0.1
LSIZE=0.2
IS_LEFT=1
GROUP=0

[FLAME_1]
POSITION=-0.3647287,0.2009916,-1.986517
DIRECTION=0,0,-1
VSIZE_START=0.15
VSIZE_END=0.1
LSIZE=0.2
IS_LEFT=1
GROUP=0

